Sref = 15.000000 
Cref = 1.000000 
Bref = 15.000000 
X_cg = 3.750000 
Y_cg = 0.000000 
Z_cg = 0.000000 
Mach = 0.092
AoA = 5.500000 
Beta = 0.000000 
Vinf = 31.4
Rho = 1.225000 
ReCref = 2200000.000000 
ClMax = -1.000000 
MaxTurningAngle = -1.000000 
Symmetry = NO 
FarDist = -1.000000 
NumWakeNodes = -1 
WakeIters = 5 
NumberOfRotors = 0 
NumberOfControlGroups = 0 
Preconditioner = Matrix 
Vortex Lift = Y 
LE Suction = N 
Karman-Tsien Correction = Y 
